              precision    recall  f1-score   support

    airplane     0.9675    0.9820    0.9747      1000
  automobile     0.9800    0.9780    0.9790      1000
        bird     0.9765    0.9550    0.9656      1000
         cat     0.9185    0.9470    0.9325      1000
        deer     0.9623    0.9690    0.9656      1000
         dog     0.9622    0.9420    0.9520      1000
        frog     0.9819    0.9770    0.9794      1000
       horse     0.9809    0.9760    0.9784      1000
        ship     0.9791    0.9820    0.9805      1000
       truck     0.9780    0.9770    0.9775      1000

    accuracy                         0.9685     10000
   macro avg     0.9687    0.9685    0.9685     10000
weighted avg     0.9687    0.9685    0.9685     10000
